{
  "patcher" : {
    "fileversion" : 1,
    "appversion" : {
      "major" : 8,
      "minor" : 1,
      "revision" : 11,
      "architecture" : "x64"
    },
    "boxes" : [ ],
    "lines" : [ ],
    "parameters" : {
      "title" : "CodeSampler OSC Sender",
      "author" : "RawTunez Media",
      "description" : "Sends OSC to CodeSampler Live bridge (127.0.0.1:57120)",
      "tags" : [ "osc", "codesampler", "live", "visual" ]
    },
    "dependency_cache" : [ ],
    "autosave" : 0,
    "default_fontsize" : 12.0,
    "default_fontname" : "Arial",
    "default_fontface" : 0,
    "default_fontcolor" : [ 0.0, 0.0, 0.0, 1.0 ],
    "default_bgcolor" : [ 0.9372549019607843, 0.9372549019607843, 0.9372549019607843, 1.0 ],
    "default_patcher_bgcolor" : [ 0.9372549019607843, 0.9372549019607843, 0.9372549019607843, 1.0 ],
    "default_patcher_fgcolor" : [ 0.0, 0.0, 0.0, 1.0 ],
    "gridonopen" : 1,
    "gridsize" : [ 15.0, 15.0 ],
    "gridsnaponopen" : 1,
    "gridvisible" : 0,
    "toolbarvisible" : 1,
    "boxanimatetime" : 200,
    "enablehscroll" : 1,
    "enablevscroll" : 1,
    "device" : 1,
    "readonly" : 0,
    "fontsize" : 12.0,
    "fontface" : 0,
    "fontcolor" : [ 0.0, 0.0, 0.0, 1.0 ],
    "bgcolor" : [ 0.9372549019607843, 0.9372549019607843, 0.9372549019607843, 1.0 ],
    "patcher_bgcolor" : [ 0.9372549019607843, 0.9372549019607843, 0.9372549019607843, 1.0 ],
    "patcher_fgcolor" : [ 0.0, 0.0, 0.0, 1.0 ],
    "textcolor" : [ 0.0, 0.0, 0.0, 1.0 ],
    "textjustification" : 0,
    "textsize" : 12.0,
    "textface" : 0,
    "locked" : 0,
    "nolinkassert" : 0,
    "hint" : 0,
    "status" : 0,
    "numsubpatchers" : 0,
    "subpatchers" : [ ],
    "dependency_cache" : [ ],
    "autosave" : 0,
    "default_fontsize" : 12.0,
    "default_fontname" : "Arial",
    "default_fontface" : 0,
    "default_fontcolor" : [ 0.0, 0.0, 0.0, 1.0 ],
    "default_bgcolor" : [ 0.9372549019607843, 0.9372549019607843, 0.9372549019607843, 1.0 ],
    "default_patcher_bgcolor" : [ 0.9372549019607843, 0.9372549019607843, 0.9372549019607843, 1.0 ],
    "default_patcher_fgcolor" : [ 0.0, 0.0, 0.0, 1.0 ],
    "gridonopen" : 1,
    "gridsize" : [ 15.0, 15.0 ],
    "gridsnaponopen" : 1,
    "gridvisible" : 0,
    "toolbarvisible" : 1,
    "boxanimatetime" : 200,
    "enablehscroll" : 1,
    "enablevscroll" : 1,
    "device" : 1,
    "readonly" : 0,
    "fontsize" : 12.0,
    "fontface" : 0,
    "fontcolor" : [ 0.0, 0.0, 0.0, 1.0 ],
    "bgcolor" : [ 0.9372549019607843, 0.9372549019607843, 0.9372549019607843, 1.0 ],
    "patcher_bgcolor" : [ 0.9372549019607843, 0.9372549019607843, 0.9372549019607843, 1.0 ],
    "patcher_fgcolor" : [ 0.0, 0.0, 0.0, 1.0 ],
    "textcolor" : [ 0.0, 0.0, 0.0, 1.0 ],
    "textjustification" : 0,
    "textsize" : 12.0,
    "textface" : 0,
    "locked" : 0,
    "nolinkassert" : 0,
    "hint" : 0,
    "status" : 0,
    "numsubpatchers" : 0,
    "subpatchers" : [ ]
  }
}
